$ANSIBLE_VAULT;1.1;AES256
65613366323866343630333236333665663232316333356162373138316339633732646230326562
3835386263613166373338633637326533356531366663390a636531306638386432383933336162
36373264626136613237383533633764386261306331343663376135623561613938613963633233
3836633062373439610a303539333338323133383662616363353863313865656361303164386236
33333461656230333364356432346232626262396430323630363436623432633831363238333731
38613364353361623662323139303933386234336662366432653431343765313135386661646337
33373435623030633134333934323366346563663234643934653763373330653032373963323639
65353163653165373666663263626166393562616233316137323135326635316361303535363166
33373533663863303537303334336133616335313837646261353163616538643839303134323862
65376232363163653261316566383261313837656539643866393663363739393036633536356663
65323330636166363430396664323363613038376439376561653231366364386164336639313261
33396236656435636466
